# starid Teff Teff_errp Teff_errm FeH FeH_errp FeH_errm logg logg_errp logg_errm massfin massfin_errp massfin_errm age age_errp age_errm
6045478872173678208 4957.048940764566 0.0 0.0 -1.3002885533 0.0 0.0 1.6656995199536562 0.0 0.0 0.6610548178 0.0 0.0 13800.0 0.0 0.0
6045484266652772864 4724.687856663739 0.0 0.0 -1.034066052 0.0 0.0 1.8132966445591447 0.0 0.0 1.058302885 0.0 0.0 4300.0 0.0 0.0
6045482411226841472 4475.690679845821 0.0 0.0 -1.0594046387 0.0 0.0 1.6222848911271097 0.0 0.0 0.8024610533 0.0 0.0 13800.0 0.0 0.0
6045477356033739136 5036.665983358028 0.0 0.0 -1.0388305396 0.0 0.0 2.5079810571410115 0.0 0.0 1.6517078176 0.0 0.0 1300.0 0.0 0.0
6045479078332149632 4897.698591922464 0.0 0.0 -1.0413654026999999 0.0 0.0 1.9617274243175151 0.0 0.0 0.7142396392 0.0 0.0 11900.0 0.0 0.0
6045478047540140544 5022.254384706634 0.0 0.0 -1.0396070888 0.0 0.0 2.65075188132255 0.0 0.0 1.1069897408 0.0 0.0 4700.0 0.0 0.0
6045482857903447168 5572.016774589452 0.0 0.0 -1.3898655668000002 0.0 0.0 2.502739549976018 0.0 0.0 1.9211739121 0.0 0.0 950.0 0.0 0.0
6045479490649030272 4977.431302543308 0.0 0.0 -1.038343247 0.0 0.0 2.443023852269181 0.0 0.0 1.4380555527 0.0 0.0 2000.0 0.0 0.0
6045478288058130304 5350.133371216559 0.0 0.0 -1.3887032898 0.0 0.0 2.808821919985816 0.0 0.0 1.8049522971 0.0 0.0 950.0 0.0 0.0
6045477837079964928 4982.476115503589 0.0 0.0 -1.0596098028999998 0.0 0.0 2.74071547961113 0.0 0.0 0.8140781152 0.0 0.0 13800.0 0.0 0.0
6045478734734712832 5007.966028742111 0.0 0.0 -1.0447072506000001 0.0 0.0 2.029387147877076 0.0 0.0 0.7108020783 0.0 0.0 12200.0 0.0 0.0
6045478356777488256 4889.329942743064 0.0 0.0 -1.0593731541 0.0 0.0 2.503927068977095 0.0 0.0 0.8153093179 0.0 0.0 13700.0 0.0 0.0
6045478730423545984 4770.421322263578 0.0 0.0 -0.9095679547 0.0 0.0 2.356584548360164 0.0 0.0 0.8343679626 0.0 0.0 13800.0 0.0 0.0
6045477910100852992 4893.613436014209 0.0 0.0 -1.0470348787 0.0 0.0 2.4301616432218696 0.0 0.0 0.9608338078 0.0 0.0 7700.0 0.0 0.0
6045502580393775360 4749.547051720234 0.0 0.0 -0.9095511733 0.0 0.0 2.308158765887515 0.0 0.0 0.8339374351 0.0 0.0 13800.0 0.0 0.0
6045466399577821440 4961.582091053506 0.0 0.0 -1.0595917769 0.0 0.0 2.6855306698971786 0.0 0.0 0.8140193659 0.0 0.0 13800.0 0.0 0.0
6045489351894331776 5026.886040681354 0.0 0.0 -1.0381750035000001 0.0 0.0 2.521513073471768 0.0 0.0 1.5146050313 0.0 0.0 1700.0 0.0 0.0
6045477807021629952 5235.113513879942 0.0 0.0 -1.2919327589 0.0 0.0 2.857612070252193 0.0 0.0 1.3997108395 0.0 0.0 2000.0 0.0 0.0
6045466399587848704 4982.021979396523 0.0 0.0 -1.1852378375 0.0 0.0 2.1595753160973254 0.0 0.0 1.6638474934 0.0 0.0 1300.0 0.0 0.0
6045502305515873024 4751.644643061174 0.0 0.0 -1.0386150148 0.0 0.0 2.002833188850877 0.0 0.0 1.3751660793 0.0 0.0 2300.0 0.0 0.0
6045490382686606208 4732.116569892504 0.0 0.0 -0.9095051342 0.0 0.0 2.2538144937344335 0.0 0.0 0.832688733 0.0 0.0 13800.0 0.0 0.0
6045503679905453184 4942.359050933592 0.0 0.0 -1.0388945721 0.0 0.0 2.4384684275670203 0.0 0.0 1.1972844729 0.0 0.0 3600.0 0.0 0.0
6045502477314585728 4792.529230516132 0.0 0.0 -1.0594965621 0.0 0.0 2.281122666864144 0.0 0.0 0.8123167804 0.0 0.0 13800.0 0.0 0.0
6045466360918967424 4902.659517728101 0.0 0.0 -1.0595505894000001 0.0 0.0 2.5372542163013923 0.0 0.0 0.8136738189 0.0 0.0 13800.0 0.0 0.0
6045490726283969664 5370.723785102413 0.0 0.0 -1.2880241542 0.0 0.0 2.4042630761035197 0.0 0.0 0.7539018501 0.0 0.0 10000.0 0.0 0.0
6045490210887898368 4926.742521194243 0.0 0.0 -1.0595660323 0.0 0.0 2.5967080938609333 0.0 0.0 0.8138460966 0.0 0.0 13800.0 0.0 0.0
6045466120404792704 4590.6536078751615 0.0 0.0 -0.9094583927 0.0 0.0 1.96255726475031 0.0 0.0 0.8300031988 0.0 0.0 13800.0 0.0 0.0
6045490103497000320 4970.067006088534 0.0 0.0 -0.9014008111 0.0 0.0 1.5281081261665537 0.0 0.0 0.6892136443 0.0 0.0 13800.0 0.0 0.0
6045466532721858048 4914.527408648951 0.0 0.0 -1.0350000000000001 0.0 0.0 2.1158032030130918 0.0 0.0 1.3312349249 0.0 0.0 2300.0 0.0 0.0
6045466326563296768 4893.791487690949 0.0 0.0 -1.0595454424 0.0 0.0 2.5157652459003956 0.0 0.0 0.8136014979 0.0 0.0 13800.0 0.0 0.0
6045466330868395776 4879.920782474982 0.0 0.0 -1.0595377226 0.0 0.0 2.482520903430246 0.0 0.0 0.813476648 0.0 0.0 13800.0 0.0 0.0
6045489042656695808 4902.659517728101 0.0 0.0 -1.0595505894000001 0.0 0.0 2.5372542163013923 0.0 0.0 0.8136738189 0.0 0.0 13800.0 0.0 0.0
6045506806641714816 4937.675362939595 0.0 0.0 -1.0388065119999998 0.0 0.0 2.4159661156393204 0.0 0.0 1.2412580453 0.0 0.0 3200.0 0.0 0.0
6045478356777481984 4909.797165103702 0.0 0.0 -1.0381873148 0.0 0.0 2.2980737106763254 0.0 0.0 1.4633777519 0.0 0.0 1900.0 0.0 0.0
6045501961918453504 4707.283726156882 0.0 0.0 -1.0594437759 0.0 0.0 2.0821007444852775 0.0 0.0 0.8095275646 0.0 0.0 13800.0 0.0 0.0
6045478184978847616 4975.599373917471 0.0 0.0 -1.0547319175999998 0.0 0.0 2.6830442996658173 0.0 0.0 0.8641414491 0.0 0.0 11200.0 0.0 0.0
6045466674465880064 4973.183041038701 0.0 0.0 -1.0381029273 0.0 0.0 2.4108235306280092 0.0 0.0 1.5159718906 0.0 0.0 1700.0 0.0 0.0
6045477905795000448 5039.982261216271 0.0 0.0 -1.0476243021 0.0 0.0 2.7804866959704886 0.0 0.0 0.9574270921 0.0 0.0 7800.0 0.0 0.0
6045466292203527680 5049.2500657101045 0.0 0.0 -1.038760145 0.0 0.0 2.4720699018052135 0.0 0.0 1.7529690275 0.0 0.0 1100.0 0.0 0.0
6045478666015246592 4916.596725820218 0.0 0.0 -1.0457815648 0.0 0.0 2.471999028887628 0.0 0.0 0.9790013838 0.0 0.0 7200.0 0.0 0.0
6045503057118542208 5001.583854440841 0.0 0.0 -0.89813545 0.0 0.0 1.7124737546721613 0.0 0.0 0.7149343734 0.0 0.0 12700.0 0.0 0.0
6045478528576252288 4973.568697283582 0.0 0.0 -0.8979764733 0.0 0.0 1.7023512375969367 0.0 0.0 0.7173823467 0.0 0.0 12600.0 0.0 0.0
6045489901650196864 4940.513606410262 0.0 0.0 -1.0392452309 0.0 0.0 2.45374873882614 0.0 0.0 1.1452340557 0.0 0.0 4200.0 0.0 0.0
6045489798570998144 5078.506494813323 0.0 0.0 -1.0463711813 0.0 0.0 2.049231605268905 0.0 0.0 0.6754858437 0.0 0.0 13700.0 0.0 0.0
6045466571386686208 4846.262748893098 0.0 0.0 -1.0386179848000001 0.0 0.0 2.1945462625519947 0.0 0.0 1.3754708972 0.0 0.0 2300.0 0.0 0.0
6045465643673557760 5382.329498159286 0.0 0.0 -1.2872600910999998 0.0 0.0 2.474632179986615 0.0 0.0 0.7788799454 0.0 0.0 9300.0 0.0 0.0
6045501996278180992 5030.123231057467 0.0 0.0 -1.0388173658 0.0 0.0 2.616114993985209 0.0 0.0 1.2402750065 0.0 0.0 3200.0 0.0 0.0
6045477910100872576 5008.453744403698 0.0 0.0 -1.0391013239 0.0 0.0 2.5933264872030026 0.0 0.0 1.1697172638 0.0 0.0 3900.0 0.0 0.0
6045466429642657280 4780.407119225718 0.0 0.0 -1.212672881 0.0 0.0 2.1187706500813728 0.0 0.0 0.7950522401 0.0 0.0 13800.0 0.0 0.0
6045466532721860224 4924.962107514583 0.0 0.0 -1.0470524789 0.0 0.0 2.500859054992123 0.0 0.0 0.9609824258 0.0 0.0 7700.0 0.0 0.0
