#	starid_GaiaDR2DR3	teff	eteff	feh	efeh	alph_fe	alph_fe_err	numax	enumax	dnu	ednu	RA	DEC
6045478872173678208	4977.184000	12.236755	-1.127500	0.009183	0.318515	0.011658	4.900000	0.200000	1.160000	0.110000	245.959364	-26.490608
6045484266652772864	4742.778300	10.605087	-1.080900	0.010049	0.328575	0.011227	8.100000	0.200000	1.400000	0.030000	245.880982	-26.506965
6045482411226841472	4452.974000	8.316852	-1.091300	0.010310	0.292755	0.010351	48.400000	1.000000	5.550000	0.140000	245.902360	-26.505665
6045477356033739136	5036.130000	12.549834	-1.047300	0.008837	0.361435	0.011137	34.100000	1.900000	4.200000	0.050000	245.920416	-26.502692
6045479078332149632	4940.179700	14.269568	-1.037800	0.010969	0.320475	0.013024	10.700000	0.500000	1.770000	0.050000	245.923933	-26.496409
6045478047540140544	5020.929700	12.366970	-1.026600	0.008838	0.335945	0.011005	49.000000	3.300000	6.420000	0.280000	245.949448	-26.496826
6045482857903447168	5572.302200	49.663490	-1.374200	0.019283	0.316195	0.018290	36.900000	1.400000	4.110000	0.220000	245.954077	-26.488775
6045479490649030272	4980.119600	13.369451	-1.069600	0.009926	0.325635	0.012204	33.300000	0.500000	3.970000	0.130000	245.957229	-26.481136
6045478288058130304 5312.431600	17.821217	-1.379800	0.009584	0.348575	0.015350	73.600000	3.600000	7.640000	0.200000	245.928277	-26.491083
6045477837079964928	4949.358000	11.834879	-1.066600	0.009113	0.329685	0.011192	103.50000	3.300000	9.400000	0.250000	245.908070	-26.478241
6045478734734712832	5043.456000	12.561539	-1.024700	0.008771	0.326115	0.011004	12.400000	0.700000	2.000000	0.060000	245.910821	-26.487855
6045478356777488256	4878.239700	17.059958	-1.102200	0.013861	0.281545	0.016102	44.000000	1.900000	4.850000	0.030000	245.884785	-26.489602
6045478730423545984	4743.388000	10.072957	-1.043500	0.009551	0.328265	0.010624	91.100000	3.800000	8.570000	0.210000	245.929494	-26.468822
6045477910100852992	4903.646000	11.306463	-1.033200	0.009100	0.330135	0.010750	25.600000	1.400000	4.120000	0.020000	245.761075	-26.491278
6045502580393775360	4722.438500	9.798996	-1.006000	0.009469	0.316245	0.010230	30.800000	1.400000	3.790000	0.070000	245.841412	-26.508985
6045466399577821440	4947.460000	12.785253	-1.028400	0.009799	0.300645	0.011700	60.800000	4.300000	6.860000	0.210000	245.824583	-26.501733
6045489351894331776	5021.887000	12.235273	-0.989090	0.008716	0.303475	0.010648	40.600000	1.000000	4.180000	0.140000	245.850037	-26.500233
6045477807021629952	5285.906000	22.511753	-1.245400	0.012228	0.350025	0.018292	80.300000	2.400000	9.860000	0.440000	245.854443	-26.498157
6045466399587848704	5018.744000	33.009090	-1.122200	0.016946	0.299955	0.020775	17.200000	0.400000	2.490000	0.090000	245.854094	-26.490368
6045502305515873024	4769.123500	10.301281	-1.071300	0.009521	0.362285	0.010764	11.000000	0.700000	1.840000	0.060000	245.800177	-26.495562
6045490382686606208	4688.820300	14.551223	-1.044500	0.014300	0.308215	0.014996	61.900000	1.400000	6.970000	0.180000	245.839155	-26.476077
6045503679905453184	4932.147500	12.272017	-1.049800	0.009587	0.342285	0.011572	32.100000	1.900000	4.040000	0.140000	245.823453	-26.452935
6045502477314585728	4765.668000	10.365914	-1.104600	0.009631	0.347905	0.011038	53.400000	1.900000	6.020000	0.170000	245.890797	-26.463903
6045466360918967424	4871.373500	11.169694	-1.081200	0.009312	0.356305	0.011076	127.50000	5.700000	11.66000	0.390000	245.887173	-26.464028
6045490726283969664	5367.639000	17.153643	-1.293000	0.008731	0.405085	0.014131	29.800000	1.000000	4.480000	0.230000	245.884818	-26.439135
6045490210887898368	4893.076000	11.356768	-1.075200	0.009262	0.329475	0.011124	52.100000	2.400000	5.780000	0.140000	245.840339	-26.446456
6045466120404792704	4565.116700	8.901113	-1.063400	0.009983	0.353265	0.010355	35.600000	2.700000	4.520000	0.070000	245.872369	-26.441113
6045490103497000320	4967.420000	13.088618	-1.024400	0.009827	0.341155	0.011833	3.400000	0.200000	0.880000	0.100000	245.867220	-26.435794
6045466532721858048	4917.166500	13.421911	-1.042900	0.010587	0.351425	0.012525	16.100000	0.800000	2.510000	0.270000	245.791312	-26.476092
6045466326563296768	4865.488300	12.373113	-1.025500	0.010290	0.308275	0.011805	42.400000	1.900000	5.130000	0.180000	245.798004	-26.444758
6045466330868395776	4847.768000	10.823282	-1.026400	0.009217	0.305885	0.010601	83.700000	3.800000	8.680000	0.660000	245.822003	-26.416162
6045489042656695808	4872.174000	11.111793	-1.054200	0.009246	0.364105	0.010892	45.100000	1.200000	5.130000	0.090000	245.768198	-26.395378
6045506806641714816	4934.961000	11.585095	-1.034300	0.009034	0.328665	0.010830	31.900000	0.500000	3.560000	0.220000	245.801519	-26.366329
6045478356777481984	4914.528300	13.210564	-1.035600	0.010447	0.341375	0.012291	19.800000	1.400000	3.050000	0.060000	245.752592	-26.301941
6045501961918453504	4678.439500	9.680010	-1.085100	0.009822	0.333155	0.010791	55.400000	1.900000	6.190000	0.150000	245.988958	-26.492338
6045478184978847616	4950.532700	13.431848	-0.999180	0.010225	0.293085	0.012047	59.200000	1.400000	6.350000	0.310000	246.061191	-26.454746
6045466674465880064	4968.328000	14.371715	-1.093700	0.010782	0.326725	0.013322	31.000000	1.400000	3.590000	0.140000	246.035726	-26.415425
6045477905795000448	5011.503400	17.483767	-1.030700	0.012415	0.316465	0.015052	75.400000	1.900000	7.320000	0.200000	245.970796	-26.468582
6045466292203527680	5067.904300	12.845816	-1.044100	0.008757	0.327845	0.011177	32.800000	1.400000	4.180000	0.110000	245.985425	-26.424657
6045478666015246592	4921.715000	12.593700	-1.040400	0.009915	0.299845	0.011774	34.400000	2.400000	4.430000	0.110000	245.930010	-26.445028
6045503057118542208	4974.568400	14.033904	-1.047900	0.010448	0.324295	0.012721	7.900000	0.700000	1.420000	0.040000	245.967926	-26.409842
6045478528576252288	4948.571300	16.663322	-1.046600	0.012632	0.315255	0.015057	6.500000	0.200000	1.350000	0.060000	245.994726	-26.408142
6045489901650196864	4922.872600	14.994705	-1.029500	0.011691	0.322295	0.013666	35.200000	1.400000	4.180000	0.130000	245.911851	-26.428635
6045489798570998144	5102.170000	14.235052	-1.051700	0.009347	0.326275	0.012128	14.000000	1.300000	2.190000	0.070000	245.931273	-26.427171
6045466571386686208	4864.501000	13.669472	-1.005800	0.011323	0.337995	0.012856	17.900000	0.700000	2.550000	0.040000	245.885385	-26.409559
6045465643673557760	5354.732400	17.029509	-1.307000	0.008787	0.423785	0.014202	29.000000	3.300000	5.450000	0.110000	245.912206	-26.369389
6045501996278180992	5069.993700	13.477537	-1.045900	0.009151	0.368465	0.011677	42.900000	1.000000	7.260000	0.180000	245.947138	-26.375100
6045477910100872576	5013.532700	15.692578	-1.050300	0.011183	0.303945	0.013736	42.600000	2.400000	5.570000	0.190000	245.874203	-26.390455
6045466429642657280	4749.705600	10.454999	-1.179000	0.009913	0.281095	0.011687	40.800000	2.900000	6.080000	0.360000	245.906947	-26.344016
6045466532721860224	4918.391000	11.411938	-1.013700	0.009045	0.311435	0.010720	30.100000	2.800000	4.730000	0.070000	245.841084	-26.287884
